66
194
188
95
252
251
155
149
146
156
265
261
365
280
278
420
154
150
421
222
220
422
318
317
465
192
189
498
234
234
519
136
135
621
202
197
622
319
317
701
134
129
702
290
289
841
176
168
842
314
312
916
148
141
917
295
292
944
150
148
990
135
131
1020
136
133
1056
208
206
1195
132
128
1196
176
164
1197
221
220
1198
289
289
1295
266
263
1430
137
135
1431
164
158
1432
177
172
1433
193
184
1434
198
195
1498
261
259
1519
181
179
1520
510
456
1601
173
168
1602
310
308
1653
192
187
1707
249
248
2398
170
162
2443
144
140
2444
324
323
2462
194
190
2489
252
250
2522
263
262
2542
141
137
2556
131
129
2588
267
265
2605
190
136
2651
180
172
2652
304
301
2927
101
75
2973
202
196
3067
154
150
3132
148
145
3133
198
194
3134
250
247
3135
314
311
3338
135
130
3339
173
170
3340
233
227
3341
326
323
3881
152
150
3882
264
260
4073
137
133
4074
156
152
4075
182
178
4076
190
186
4077
149
145
4130
100
68
4186
247
245
4241
185
182
4289
166
164
4299
204
45
4320
102
74
4368
211
208
4464
164
161
4510
186
183
4511
302
301
4538
181
177
4671
142
137
4672
158
147
4673
182
180
4674
202
199
4750
140
136
4751
329
328
4777
243
239
4805
209
205
5001
109
77
5055
258
256
5126
143
139
5156
177
175
5185
258
253
5228
99
83
5280
212
210
5377
157
156
5532
160
154
5533
232
229
5572
142
134
5573
225
224
5574
316
312
5861
175
170
5862
228
228
5863
318
313
5998
165
163
5999
249
241
6016
185
180
6110
143
139
6111
220
220
6429
135
132
6430
150
143
6431
169
168
6432
194
187
6433
214
210
6507
137
134
6508
169
162
6509
217
212
6510
293
290
6574
182
174
6575
240
239
6576
341
338
6691
137
134
6692
154
149
6693
185
180
6694
226
223
6695
299
296
6968
168
161
6969
226
224
6970
312
307
7012
241
239
7225
135
133
7226
164
158
7227
220
217
7228
277
276
7245
107
69
7290
206
205
7381
151
149
7604
99
66
7650
193
189
7712
209
95
7750
147
146
7847
100
67
7904
283
281
8009
163
157
8021
92
52
8325
110
74
8364
184
181
8427
101
54
8457
138
138
12149
144
141
13945
157
151
14015
149
146
14016
250
246
14209
330
328
14210
483
482
14243
213
211
15617
147
142
19393
147
142
19678
143
139
22610
169
166
25435
135
134
28699
171
168
29573
187
186
29598
152
148
31616
187
186
32027
150
147
32069
254
254
33542
226
223
34146
173
168
34327
257
256
34886
272
268
35364
200
197
35883
165
163
36135
192
190
36136
349
344
36909
153
143
36910
240
237
36911
365
364
37011
240
235
38019
244
240
38748
174
169
39843
144
144
39883
174
172
39884
223
220
39885
267
261
39886
288
286
43277
189
182
46736
239
237
48101
213
209
48603
259
257
48655
137
130
48656
261
260
51431
138
135
52176
235
231
52177
304
302
52271
145
139
53332
211
210
53397
226
223
53407
134
133
54528
257
254
54753
214
212
55095
165
157
55296
148
148
55729
142
138
57483
203
199
58721
138
136
60938
188
184
60939
288
286
61001
139
135
61002
260
255
61036
136
131
61538
213
210
61730
138
137
64765
249
242
67053
140
134
69871
173
167
70610
198
194
70873
139
136
70903
183
182
71072
217
216
71432
147
142
75306
162
159
76088
144
139
84243
113
112
86959
136
135
87674
140
138
92097
134
129
92098
248
246
92227
205
204
92293
166
162
92460
148
144
94600
144
140
95100
149
142
97199
163
159
99513
162
160
99514
331
328
99939
155
148
104353
272
272
106191
207
204
106219
133
129
109181
208
208
111488
144
143
112546
302
302
112643
246
241
112685
163
160
112778
195
194
113512
216
214
113931
199
193
113981
218
217
116344
156
150
116383
190
187
117513
161
156
118004
324
57
120099
176
167
122259
133
133
124990
255
255
126260
215
209
126281
139
139
126417
163
159
127150
138
133
127151
176
172
127152
228
225
127153
313
313
127444
153
148
127503
182
177
127595
148
145
127596
193
188
127597
286
285
127631
147
140
127632
261
261
128751
161
155
128752
308
304
128874
203
202
129812
236
233
129877
143
139
129878
260
257
130791
206
201
130982
141
136
130992
172
164
131051
197
195
131627
135
133
131628
276
273
132660
193
187
133028
148
144
133467
212
209
138616
178
173
143112
175
168
143810
163
157
145549
138
136
145582
143
137
145686
220
218
145737
174
167
146030
163
151
146757
141
136
146794
154
148
146808
147
142
147228
186
184
148402
136
134
148425
203
196
148502
148
143
148904
144
142
148905
195
193
148906
281
277
150294
173
168
152245
145
142
153873
233
231
154120
150
147
154397
183
180
154674
267
260
159236
170
169
159455
136
130
159456
278
274
160087
153
143
161654
158
158
161702
168
162
161703
270
264
161853
175
168
163127
241
240
164197
201
198
164453
148
143
164836
138
131
173202
206
202
173992
147
145
174025
160
154
174159
205
203
177491
137
131
178752
150
147
181669
222
215
185292
153
147
186797
223
220
187790
233
231
189513
149
146
189851
202
197
192316
261
259
192488
155
151
192500
215
212
193361
138
129
193638
201
199
195293
149
140
195763
234
228
196943
235
232
197809
206
206
203731
174
168
203961
266
262
204641
343
341
208829
182
179
210240
269
267
212134
183
180
213557
196
192
214206
182
180
215510
230
228
215877
210
205
216908
142
137
216965
246
244
217584
187
182
217658
183
178
218005
140
135
218048
150
148
218181
139
133
218332
133
125
218497
205
198
218498
296
292
219115
156
151
219116
196
195
219117
247
244
219118
316
313
219233
151
146
219309
146
142
219310
221
221
219311
330
328
220958
140
132
220959
219
215
221904
250
243
222080
181
178
222081
315
314
225766
179
173
228656
135
133
229146
197
194
230122
239
238
231289
137
136
233177
199
192
233489
204
202
233490
331
331
236469
147
146
239959
141
135
241121
239
238
244374
254
253
245487
164
159
247138
143
137
253074
148
143
254608
205
203
255238
181
178
257288
192
187
257433
149
144
257462
269
265
257553
133
131
257961
162
162
257962
299
297
258131
183
180
258352
234
230
258353
305
304
258439
137
133
258440
157
152
258441
192
184
258442
232
228
258443
290
287
258787
199
195
258788
296
291
259104
137
133
259357
166
164
259358
299
298
259669
153
150
259699
171
169
259741
195
188
259822
176
172
259978
174
169
259979
302
299
260268
191
188
261122
202
197
261230
137
134
261428
201
191
261593
165
162
262403
249
246
262699
218
214
264218
171
167
271740
267
264
273511
191
187
279904
124
121
281850
142
137
283646
185
181
284369
262
258
285787
145
140
285888
164
157
285889
257
254
286500
218
215
288166
154
150
288167
311
311
288206
225
222
288414
122
117
288733
140
135
288734
246
241
288756
219
216
288769
207
202
289540
232
230
289865
148
148
289866
282
278
289896
205
200
290052
163
158
290053
249
248
290593
159
153
290639
191
182
290640
297
296
290808
208
207
290967
199
194
290968
318
317
290982
142
141
291007
144
138
291096
230
229
291505
192
192
292091
192
188
292092
301
300
293070
191
188
293150
209
208
294565
149
144
295303
150
146
295556
136
133
295778
155
152
295980
236
232
296691
143
140
297673
160
156
298482
164
158
301223
150
146
302829
135
133
307895
167
162
307896
234
230
307897
328
327
308751
156
153
308988
145
143
309201
195
192
311728
177
170
311751
135
126
311958
140
138
312705
185
178
312726
244
243
312743
147
141
312907
184
177
313061
202
199
313311
166
158
313569
169
164
313570
308
306
313618
138
132
313619
264
262
313972
176
168
314983
332
330
314984
481
480
315006
146
143
315200
180
174
315326
162
157
317515
134
131
317590
197
194
318104
182
175
319349
176
173
320017
163
158
321896
199
193
323685
156
149
324037
180
174
324860
181
178
324985
167
164
325242
139
134
326349
138
136
326362
154
151
328028
233
233
328083
153
150
328313
212
211
328330
213
212
330901
245
243
331087
139
134
331129
270
267
331259
209
209
331551
236
232
331871
162
159
332015
152
146
332554
246
245
333141
213
211
333350
171
166
333863
202
200
335421
344
344
335422
475
475
335860
278
275
336348
190
186
336420
147
142
336421
285
280
336520
172
161
336610
138
131
336683
213
211
336717
209
207
336739
178
174
339833
138
136
339982
166
161
343500
248
243
344616
280
279
345310
197
188
347190
219
216
347349
236
233
348142
180
173
349584
161
159
352543
135
132
352929
176
172
353266
155
149
354052
194
189
358342
218
212
360209
154
147
364656
155
150
366718
158
154
367461
135
135
371074
136
134
372717
163
159
373250
165
164
374734
193
192
375315
138
135
381001
181
178
381858
148
146
383796
151
148
384266
237
235
389163
192
188
389437
195
185
389941
159
154
390462
128
123
392703
160
159
392859
132
126
394200
232
228
394249
258
257
397208
196
191
397875
139
133
397876
335
334
398035
144
142
398114
202
198
398728
160
153
398964
215
212
399046
200
197
399260
154
151
399801
137
135
399802
192
191
399803
260
256
399804
341
338
401057
167
166
401183
140
136
401222
141
137
401223
263
258
401277
171
166
401311
162
155
401350
133
130
402586
211
211
402622
145
140
403163
213
211
403164
354
352
404444
215
213
404663
154
148
404664
218
218
404665
315
315
404674
149
143
404746
151
147
404862
192
189
404863
327
326
404978
148
144
405096
121
119
405138
138
138
405202
152
146
405203
229
227
405204
346
345
408997
167
164
409042
160
154
409085
140
138
409146
158
155
410090
214
211
413567
183
180
415942
134
130
419059
401
400
419886
235
235
420201
211
209
420720
154
148
420721
300
297
420898
168
164
421571
238
236
421674
140
135
421675
186
182
421676
247
246
421734
196
190
421735
307
306
422169
219
217
423553
152
145
423554
216
214
423555
315
312
423706
171
166
424369
181
179
425136
176
174
426064
167
161
426914
135
133
427299
199
195
428424
149
143
428425
307
307
431290
180
175
436550
194
188
437823
149
142
438342
170
168
443181
238
236
443205
150
145
445094
204
199
445137
146
146
445138
648
164
449021
138
136
449716
215
210
450343
172
167
451393
147
141
451490
212
210
451550
199
193
456628
136
128
457698
139
136
465163
132
132
466332
162
159
466333
292
288
466522
202
194
466589
154
147
466612
253
251
466652
262
261
467079
163
161
467114
133
130
467361
171
168
467398
134
132
467399
375
375
467453
193
187
467505
166
161
467506
233
230
467507
338
335
467981
172
165
468682
135
128
471090
174
163
472640
141
137
473328
225
225
473423
146
139
473567
175
161
473797
185
183
473916
198
193
474307
143
141
474456
289
286
475745
147
140
475980
234
233
476144
220
217
476291
138
134
476292
164
161
476293
202
201
476294
223
222
476295
214
210
477086
194
190
477087
324
324
477265
261
256
478437
232
232
480816
214
212
481324
187
186
482069
223
215
482979
166
161
483567
203
199
487224
201
199
487548
134
132
487789
141
136
487790
213
207
487791
313
311
488186
177
170
488271
184
178
490377
147
143
490429
134
133
491600
126
125
492731
134
131
492732
200
199
492802
156
153
492803
213
211
492804
282
276
497747
168
163
