66
95
155
156
365
420
421
422
465
498
519
621
622
701
702
841
842
916
917
944
990
1020
1056
1195
1196
1197
1198
1295
1430
1431
1432
1433
1434
1498
1519
1520
1601
1602
1653
1707
2398
2443
2444
2462
2489
2522
2542
2556
2588
2605
2651
2652
2927
2973
3067
3132
3133
3134
3135
3338
3339
3340
3341
3881
3882
4073
4074
4075
4076
4077
4130
4186
4241
4289
4299
4320
4368
4464
4510
4511
4538
4671
4672
4673
4674
4750
4751
4777
4805
5001
5055
5126
5156
5185
5228
5280
5377
5532
5533
5572
5573
5574
5861
5862
5863
5998
5999
6016
6110
6111
6429
6430
6431
6432
6433
6507
6508
6509
6510
6574
6575
6576
6691
6692
6693
6694
6695
6968
6969
6970
7012
7225
7226
7227
7228
7245
7290
7381
7604
7650
7712
7750
7847
7904
8009
8021
8325
8364
8427
8457
12149
13945
14015
14016
14209
14210
14243
15617
19393
19678
22610
25435
28699
29573
29598
31616
32027
32069
33542
34146
34327
34886
35364
35883
36135
36136
36909
36910
36911
37011
38019
38748
39843
39883
39884
39885
39886
43277
46736
48101
48603
48655
48656
51431
52176
52177
52271
53332
53397
53407
54528
54753
55095
55296
55729
57483
58721
60938
60939
61001
61002
61036
61538
61730
64765
67053
69871
70610
70873
70903
71072
71432
75306
76088
84243
86959
87674
92097
92098
92227
92293
92460
94600
95100
97199
99513
99514
99939
104353
106191
106219
109181
111488
112546
112643
112685
112778
113512
113931
113981
116344
116383
117513
118004
120099
122259
124990
126260
126281
126417
127150
127151
127152
127153
127444
127503
127595
127596
127597
127631
127632
128751
128752
128874
129812
129877
129878
130791
130982
130992
131051
131627
131628
132660
133028
133467
138616
143112
143810
145549
145582
145686
145737
146030
146757
146794
146808
147228
148402
148425
148502
148904
148905
148906
150294
152245
153873
154120
154397
154674
159236
159455
159456
160087
161654
161702
161703
161853
163127
164197
164453
164836
173202
173992
174025
174159
177491
178752
181669
185292
186797
187790
189513
189851
192316
192488
192500
193361
193638
195293
195763
196943
197809
203731
203961
204641
208829
210240
212134
213557
214206
215510
215877
216908
216965
217584
217658
218005
218048
218181
218332
218497
218498
219115
219116
219117
219118
219233
219309
219310
219311
220958
220959
221904
222080
222081
225766
228656
229146
230122
231289
233177
233489
233490
236469
239959
241121
244374
245487
247138
253074
254608
255238
257288
257433
257462
257553
257961
257962
258131
258352
258353
258439
258440
258441
258442
258443
258787
258788
259104
259357
259358
259669
259699
259741
259822
259978
259979
260268
261122
261230
261428
261593
262403
262699
264218
271740
273511
279904
281850
283646
284369
285787
285888
285889
286500
288166
288167
288206
288414
288733
288734
288756
288769
289540
289865
289866
289896
290052
290053
290593
290639
290640
290808
290967
290968
290982
291007
291096
291505
292091
292092
293070
293150
294565
295303
295556
295778
295980
296691
297673
298482
301223
302829
307895
307896
307897
308751
308988
309201
311728
311751
311958
312705
312726
312743
312907
313061
313311
313569
313570
313618
313619
313972
314983
314984
315006
315200
315326
317515
317590
318104
319349
320017
321896
323685
324037
324860
324985
325242
326349
326362
328028
328083
328313
328330
330901
331087
331129
331259
331551
331871
332015
332554
333141
333350
333863
335421
335422
335860
336348
336420
336421
336520
336610
336683
336717
336739
339833
339982
343500
344616
345310
347190
347349
348142
349584
352543
352929
353266
354052
358342
360209
364656
366718
367461
371074
372717
373250
374734
375315
381001
381858
383796
384266
389163
389437
389941
390462
392703
392859
394200
394249
397208
397875
397876
398035
398114
398728
398964
399046
399260
399801
399802
399803
399804
401057
401183
401222
401223
401277
401311
401350
402586
402622
403163
403164
404444
404663
404664
404665
404674
404746
404862
404863
404978
405096
405138
405202
405203
405204
408997
409042
409085
409146
410090
413567
415942
419059
419886
420201
420720
420721
420898
421571
421674
421675
421676
421734
421735
422169
423553
423554
423555
423706
424369
425136
426064
426914
427299
428424
428425
431290
436550
437823
438342
443181
443205
445094
445137
445138
449021
449716
450343
451393
451490
451550
456628
457698
465163
466332
466333
466522
466589
466612
466652
467079
467114
467361
467398
467399
467453
467505
467506
467507
467981
468682
471090
472640
473328
473423
473567
473797
473916
474307
474456
475745
475980
476144
476291
476292
476293
476294
476295
477086
477087
477265
478437
480816
481324
482069
482979
483567
487224
487548
487789
487790
487791
488186
488271
490377
490429
491600
492731
492732
492802
492803
492804
497747
