65676
76666
66476
66666
66566
555665
67466
55566
66666
66766
66576
66676
76675
65676
66666
65665
75655
65656
56766
57577
65676
66567
56666
56666
66667
56566
7677
66666
56766
77666
56676
56665
556556
66666
66675
65675
65566
56665
57566
67566
66765
56655
66665
66566
56756
66566
66567
66655
546646
66556
65566
66566
65656
56665
66556
65666
56667
56656
66766
55766
65767
66655
65667
65666
66666
555656
56666
76657
66766
56767
66667
67665
56656
65756
66665
76666
66677
65666
67566
66666
67666
66576
56666
66656
66577
66566
56566
656555
555465
66656
55665
66556
65766
55755
66566
65656
656456
66666
67666
5435444
4544444
4454454
34444454
4554455
4454445
44444434
4454455
44443434
4345445
4544545
4445354
5444455
4445544
24444434
4544445
4535454
54444344
44543434
4354545
44345444
5444444
5444445
5534444
4434355
545545
5443454
4444544
4455544
5544455
3544555
33355454
44444435
54444334
33443444
54444443
44434334
44344444
4545444
44434443
4545444
4544444
5444545
544565
555554
6534354
3444555
4554355
44433444
4355543
433343344
5444455
34344454
4454454
54443444
4444444
5444554
545555
44443444
43444344
4454444
5445444
4445445
5344454
4445454
4455434
43545344
44443454
4444454
54444343
5444444
4444445
44444444
4545444
44344454
43534444
44444344
5445444
44453354
4544544
34445444
44454434
4544454
5445444
4444444
54434444
4454544
43444445
4545435
4554453
5443445
44444335
35444444
5443454
4455443
5444444
5453444
44444444
4444454
4545444
4444543
54433444
44443454
5445445
4555444
3544455
45444434
44453444
5554354
4454534
4554455
4444544
4554434
5554445
44534344
45434444
645446
44454434
4445444
4554455
555555
4545454
4354445
4445445
54444443
5444544
5444444
5544455
5455453
4445543
4344544
6445434
554455
5344455
4544445
5445545
5454345
4445554
5444544
3544544
4444454
4444554
44544443
4454445
4544545
5545444
4554445
4444445
44343454
4455444
4445444
4345445
554
