list number: 104353, length: 26545
645454
556555
654555
456554
554566
555655
555544
556554
554556
455555
545556
655655
545655
565554
555556
5454545
555556
556555
554655
5545354
656564
565555
5455535
554564
555546
464655
5444454
4454555
455545
556654
555455
545555
564555
66655
555556
4555445
556555
545665
455545
554556
66566
455555
554555
655455
65656
555454
555455
644554
645554
655655
656545
555556
555655
5544554
554656
455655
556455
55666
555564
655555
6544454
546544
554564
655545
564455
465556
555554
455545
555555
4445454
455545
556554
555465
4445435
555555
67656
545555
455555
655545
555555
556555
545556
554655
565555
455565
555555
556565
55656
65565
655545
66555
656555
65665
655664
556555
5554454
654556
656465
66565
564545
554546
655555
665455
565555
556655
555545
544565
654556
656645
455445
655555
565556
555565
555546
556555
65665
565555
555565
56656
544556
655555
665555
656355
474555
654655
554566
455555
566545
55665
654656
546645
455556
554455
5443555
4454645
565545
545555
656554
555655
455555
555544
545555
4555454
655655
65656
654555
555546
355655
654544
544555
545555
554555
545555
555654
4454445
4455445
546455
4444555
466455
555555
4446455
544556
466555
445555
555545
445565
555545
5445545
545556
555654
555545
555555
5455544
4654454
5554534
5445545
555455
655455
5445545
556655
555556
644555
564655
5544554
444565
545555
465455
554555
455555
5544444
545556
545555
555555
546565
5454455
5544544
454555
555455
545555
654565
455565
5455454
455555
554555
546454
554455
566555
554545
555545
554555
455554
5545445
544555
555454
554555
455555
555555
5554544
455654
5545445
454556
566555
555545
564455
5545445
555445
555446
556555
455554
555554
555446
554656
455555
565454
545555
5545454
554555
455446
545654
555555
5454444
455654
555444
655545
5454545
554555
555654
546445
5344355
545555
546554
556454
5545445
465555
4454554
565465
455545
554555
4455554
5544554
545555
444555
644556
4545444
455655
656445
4545455
565655
555655
555556
555455
55554
